# [0, 4, 5, 8]
# [0, 1, 5, 8, 9]
# [1, 5, 6, 9]
# [1, 2, 6, 9, 10]
# [2, 6, 7, 10]
# [2, 3, 7, 10, 11]
# [4, 5, 8, 12, 13]
# [5, 8, 9, 13]
# [5, 6, 9, 13, 14]
# [6, 9, 10, 14]
# [6, 7, 10, 14, 15]
# [7, 10, 11, 15]
# [8, 12, 13, 16]
# [8, 9, 13, 16, 17]
# [9, 13, 14, 17]
# [9, 10, 14, 17, 18]
# [10, 14, 15, 18]
# [10, 11, 15, 18, 19]
# [12, 13, 16, 20, 21]
# [13, 16, 17, 21]
# [13, 14, 17, 21, 22]
# [14, 17, 18, 22]
# [14, 15, 18, 22, 23]
# [15, 18, 19, 23]
# [16, 20, 21, 24]
# [16, 17, 21, 24, 25]
# [17, 21, 22, 25]
# [17, 18, 22, 25, 26]
# [18, 22, 23, 26]
# [18, 19, 23, 26, 27]
# [20, 21, 24, 28, 29]
# [21, 24, 25, 29]
# [21, 22, 25, 29, 30]
# [22, 25, 26, 30]
# [22, 23, 26, 30, 31]
# [23, 26, 27, 31]
# [0, 1, 4, 5, 8, 9, 12, 13]
# [0, 1, 5, 6, 8, 9, 13, 14]
# [1, 2, 5, 6, 9, 10, 13, 14]
# [1, 2, 6, 7, 9, 10, 14, 15]
# [2, 3, 6, 7, 10, 11, 14, 15]
# [4, 5, 8, 9, 12, 13, 16, 17]
# [5, 6, 8, 9, 13, 14, 16, 17]
# [5, 6, 9, 10, 13, 14, 17, 18]
# [6, 7, 9, 10, 14, 15, 17, 18]
# [6, 7, 10, 11, 14, 15, 18, 19]
# [8, 9, 12, 13, 16, 17, 20, 21]
# [8, 9, 13, 14, 16, 17, 21, 22]
# [9, 10, 13, 14, 17, 18, 21, 22]
# [9, 10, 14, 15, 17, 18, 22, 23]
# [10, 11, 14, 15, 18, 19, 22, 23]
# [12, 13, 16, 17, 20, 21, 24, 25]
# [13, 14, 16, 17, 21, 22, 24, 25]
# [13, 14, 17, 18, 21, 22, 25, 26]
# [14, 15, 17, 18, 22, 23, 25, 26]
# [14, 15, 18, 19, 22, 23, 26, 27]
# [16, 17, 20, 21, 24, 25, 28, 29]
# [16, 17, 21, 22, 24, 25, 29, 30]
# [17, 18, 21, 22, 25, 26, 29, 30]
# [17, 18, 22, 23, 25, 26, 30, 31]
# [18, 19, 22, 23, 26, 27, 30, 31]
# [0, 1, 4, 5, 6, 8, 9, 12, 13, 14, 16, 17]
# [0, 1, 2, 5, 6, 8, 9, 10, 13, 14, 16, 17, 18]
# [1, 2, 5, 6, 7, 9, 10, 13, 14, 15, 17, 18]
# [1, 2, 3, 6, 7, 9, 10, 11, 14, 15, 17, 18, 19]
# [4, 5, 6, 8, 9, 12, 13, 14, 16, 17, 20, 21, 22]
# [5, 6, 8, 9, 10, 13, 14, 16, 17, 18, 21, 22]
# [5, 6, 7, 9, 10, 13, 14, 15, 17, 18, 21, 22, 23]
# [6, 7, 9, 10, 11, 14, 15, 17, 18, 19, 22, 23]
# [8, 9, 12, 13, 14, 16, 17, 20, 21, 22, 24, 25]
# [8, 9, 10, 13, 14, 16, 17, 18, 21, 22, 24, 25, 26]
# [9, 10, 13, 14, 15, 17, 18, 21, 22, 23, 25, 26]
# [9, 10, 11, 14, 15, 17, 18, 19, 22, 23, 25, 26, 27]
# [12, 13, 14, 16, 17, 20, 21, 22, 24, 25, 28, 29, 30]
# [13, 14, 16, 17, 18, 21, 22, 24, 25, 26, 29, 30]
# [13, 14, 15, 17, 18, 21, 22, 23, 25, 26, 29, 30, 31]
# [14, 15, 17, 18, 19, 22, 23, 25, 26, 27, 30, 31]
# [0, 1, 2, 4, 5, 6, 8, 9, 10, 12, 13, 14, 16, 17, 18, 20, 21, 22]
# [0, 1, 2, 5, 6, 7, 8, 9, 10, 13, 14, 15, 16, 17, 18, 21, 22, 23]
# [1, 2, 3, 5, 6, 7, 9, 10, 11, 13, 14, 15, 17, 18, 19, 21, 22, 23]
# [4, 5, 6, 8, 9, 10, 12, 13, 14, 16, 17, 18, 20, 21, 22, 24, 25, 26]
# [5, 6, 7, 8, 9, 10, 13, 14, 15, 16, 17, 18, 21, 22, 23, 24, 25, 26]
# [5, 6, 7, 9, 10, 11, 13, 14, 15, 17, 18, 19, 21, 22, 23, 25, 26, 27]
# [8, 9, 10, 12, 13, 14, 16, 17, 18, 20, 21, 22, 24, 25, 26, 28, 29, 30]
# [8, 9, 10, 13, 14, 15, 16, 17, 18, 21, 22, 23, 24, 25, 26, 29, 30, 31]
# [9, 10, 11, 13, 14, 15, 17, 18, 19, 21, 22, 23, 25, 26, 27, 29, 30, 31]
# [0, 1, 2, 4, 5, 6, 7, 8, 9, 10, 12, 13, 14, 15, 16, 17, 18, 20, 21, 22, 23, 24, 25, 26]
# [0, 1, 2, 3, 5, 6, 7, 8, 9, 10, 11, 13, 14, 15, 16, 17, 18, 19, 21, 22, 23, 24, 25, 26, 27]
# [4, 5, 6, 7, 8, 9, 10, 12, 13, 14, 15, 16, 17, 18, 20, 21, 22, 23, 24, 25, 26, 28, 29, 30, 31]
# [5, 6, 7, 8, 9, 10, 11, 13, 14, 15, 16, 17, 18, 19, 21, 22, 23, 24, 25, 26, 27, 29, 30, 31]
# [0, 1, 2, 3, 4, 5, 6, 7, 8, 9, 10, 11, 12, 13, 14, 15, 16, 17, 18, 19, 20, 21, 22, 23, 24, 25, 26, 27, 28, 29, 30, 31]
